0,160105,000001,1,jjjl0000033,
0,160106,000001,1,jjjl0000033,
0,160119,000905,1,jjjl0000033,
0,160125,HSI,27,jjjl0000033,
0,160127,000942,62,jjjl0000033,
0,160128,,0,jjjl0000033,
0,160133,000300,1,jjjl0000033,
0,160135,399807,0,jjjl0000033,
0,160137,H30535,62,jjjl0000033,
0,160140,DWRTF,0,jjjl0000033,
0,160142,000300,1,jjjl0000033,
0,160143,399006,0,jjjl0000033,
0,160211,,0,jjjl0000034,
0,160212,000300,1,jjjl0000034,
0,160215,000300,1,jjjl0000034,
0,160216,,0,jjjl0000034,
0,160218,399393,0,jjjl0000034,
0,160219,399394,0,jjjl0000034,
0,160220,000300,1,jjjl0000034,
0,160221,399395,0,jjjl0000034,
0,160222,399396,0,jjjl0000034,
0,160223,399006,0,jjjl0000034,
0,160225,399417,0,jjjl0000034,
0,160311,000300,1,jjjl0000031,
0,160314,000300,1,jjjl0000031,
0,160322,HZ5025,27,jjjl0000031,
0,160323,000012,1,jjjl0000031,
0,160324,000300,1,jjjl0000031,
0,160325,399006,0,jjjl0000031,
0,160326,000300,1,jjjl0000031,
0,160416,IN0006,12,jjjl0000032,
0,160421,000300,1,jjjl0000032,
0,160505,000300,1,jjjl0000035,
0,160512,000300,1,jjjl0000035,
0,160513,,0,jjjl0000035,
0,160515,,0,jjjl0000035,
0,160517,399986,0,jjjl0000035,
0,160518,000300,1,jjjl0000035,
0,160526,000300,1,jjjl0000035,
0,160527,000300,1,jjjl0000035,
0,160529,399102,0,jjjl0000035,
0,160607,000300,1,jjjl0000036,
0,160610,000300,1,jjjl0000036,
0,160611,000300,1,jjjl0000036,
0,160613,000300,1,jjjl0000036,
0,160615,000300,1,jjjl0000036,
0,160616,000905,1,jjjl0000036,
0,160617,,0,jjjl0000036,
0,160618,,0,jjjl0000036,
0,160620,000805,62,jjjl0000036,
0,160621,,0,jjjl0000036,
0,160622,,0,jjjl0000036,
0,160625,399966,0,jjjl0000036,
0,160626,000935,1,jjjl0000036,
0,160628,399965,0,jjjl0000036,
0,160629,399971,0,jjjl0000036,
0,160630,399973,0,jjjl0000036,
0,160631,399986,0,jjjl0000036,
0,160632,399987,0,jjjl0000036,
0,160633,399975,0,jjjl0000036,
0,160634,000827,1,jjjl0000036,
0,160635,000933,1,jjjl0000036,
0,160636,399970,0,jjjl0000036,
0,160637,399006,0,jjjl0000036,
0,160638,399991,0,jjjl0000036,
0,160639,399807,0,jjjl0000036,
0,160641,,0,jjjl0000036,
0,160642,000300,1,jjjl0000036,
0,160643,930875,62,jjjl0000036,
0,160644,,0,jjjl0000036,
0,160646,931524,62,jjjl0000036,
0,160706,000300,1,jjjl0000037,
0,160716,000925,62,jjjl0000037,
0,160717,HZ5014,27,jjjl0000037,
0,160719,,0,jjjl0000037,
0,160722,000300,1,jjjl0000037,
0,160723,,0,jjjl0000037,
0,160726,000300,1,jjjl0000037,
0,160805,000300,1,jjjl0000038,
0,160806,000906,1,jjjl0000038,
0,160807,000300,1,jjjl0000038,
0,160812,000300,1,jjjl0000038,
0,160813,000300,1,jjjl0000038,
0,160910,000300,1,jjjl0000039,
0,160916,000300,1,jjjl0000039,
0,160918,000907,62,jjjl0000039,
0,160919,000300,1,jjjl0000039,
0,160921,000300,1,jjjl0000039,
0,160924,HSI,27,jjjl0000039,
0,160925,CES300,62,jjjl0000039,
0,160926,399102,0,jjjl0000039,
0,161005,000300,1,jjjl0000040,
0,161010,,0,jjjl0000040,
0,161014,,0,jjjl0000040,
0,161015,,0,jjjl0000040,
0,161017,000905,1,jjjl0000040,
0,161019,,0,jjjl0000040,
0,161024,399967,0,jjjl0000040,
0,161025,399970,0,jjjl0000040,
0,161026,399974,0,jjjl0000040,
0,161027,399975,0,jjjl0000040,
0,161028,399976,0,jjjl0000040,
0,161029,399986,0,jjjl0000040,
0,161030,399804,0,jjjl0000040,
0,161031,399803,0,jjjl0000040,
0,161032,399998,0,jjjl0000040,
0,161033,930721,62,jjjl0000040,
0,161035,930791,62,jjjl0000040,
0,161036,930790,62,jjjl0000040,
0,161037,930820,62,jjjl0000040,
0,161038,000905,1,jjjl0000040,
0,161039,000852,1,jjjl0000040,
0,161040,399006,0,jjjl0000040,
0,161115,,0,jjjl0000041,
0,161116,,0,jjjl0000041,
0,161117,,0,jjjl0000041,
0,161118,399005,0,jjjl0000041,
0,161119,CBA00101,0,jjjl0000041,
0,161121,399986,0,jjjl0000041,
0,161122,399993,0,jjjl0000041,
0,161123,399992,0,jjjl0000041,
0,161124,HZ5028,27,jjjl0000041,
0,161125,A_SPX,12,jjjl0000041,
0,161126,SP50035,12,jjjl0000041,
0,161127,SPSIBI,12,jjjl0000041,
0,161128,SBI,12,jjjl0000041,
0,161129,,0,jjjl0000041,
0,161130,NDX,12,jjjl0000041,
0,161131,000300,1,jjjl0000041,
0,161132,000906,1,jjjl0000041,
0,161133,000906,1,jjjl0000041,
0,161216,,0,jjjl0000046,
0,161217,000961,62,jjjl0000046,
0,161219,000964,62,jjjl0000046,
0,161222,000300,1,jjjl0000046,
0,161224,000300,1,jjjl0000046,
0,161225,000300,1,jjjl0000046,
0,161226,,0,jjjl0000046,
0,161227,399330,0,jjjl0000046,
0,161229,133333,62,jjjl0000046,
0,161232,000300,1,jjjl0000046,
0,161233,000300,1,jjjl0000046,
0,161505,,0,jjjl0000049,
0,161607,399313,0,jjjl0000043,
0,161610,000300,1,jjjl0000043,
0,161614,,0,jjjl0000043,
0,161626,,0,jjjl0000043,
0,161628,930851,62,jjjl0000043,
0,161631,930713,62,jjjl0000043,
0,161706,000300,1,jjjl0000060,
0,161713,,0,jjjl0000060,
0,161715,000979,62,jjjl0000060,
0,161716,,0,jjjl0000060,
0,161720,399975,0,jjjl0000060,
0,161722,,0,jjjl0000060,
0,161724,399990,0,jjjl0000060,
0,161725,399997,0,jjjl0000060,
0,161726,399441,0,jjjl0000060,
0,161727,000300,1,jjjl0000060,
0,161728,000300,1,jjjl0000060,
0,161729,000300,1,jjjl0000060,
0,161730,,0,jjjl0000060,
0,161810,000300,1,jjjl0000042,
0,161811,000300,1,jjjl0000042,
0,161812,399330,0,jjjl0000042,
0,161815,,0,jjjl0000042,
0,161816,000971,62,jjjl0000042,
0,161820,,0,jjjl0000042,
0,161831,HZ5014,27,jjjl0000042,
0,161834,000300,1,jjjl0000042,
0,161837,000300,1,jjjl0000042,
0,161903,000300,1,jjjl0000050,
0,161908,,0,jjjl0000050,
0,161912,000300,1,jjjl0000050,
0,161914,399102,0,jjjl0000050,
0,162006,000300,1,jjjl0000045,
0,162105,,0,jjjl0000061,
0,162107,930599,62,jjjl0000061,
0,162108,,0,jjjl0000061,
0,162207,000300,1,jjjl0000059,
0,162215,,0,jjjl0000059,
0,162216,000905,1,jjjl0000059,
0,162307,000903,1,jjjl0000047,
0,162411,SPSIOPTR,12,jjjl0000062,
0,162412,399989,0,jjjl0000062,
0,162414,,0,jjjl0000062,
0,162415,SPCDSSI,12,jjjl0000062,
0,162509,000903,1,jjjl0000051,
0,162511,,0,jjjl0000051,
0,162605,000300,1,jjjl0000063,
0,162607,000300,1,jjjl0000063,
0,162703,,0,jjjl0000065,
0,162711,000905,1,jjjl0000065,
0,162712,,0,jjjl0000065,
0,162715,,0,jjjl0000065,
0,162719,SOEPI,12,jjjl0000065,
0,162720,399006,0,jjjl0000065,
0,162721,000906,1,jjjl0000065,
0,163001,399927,0,jjjl0000069,
0,163003,,0,jjjl0000069,
0,163005,,0,jjjl0000069,
0,163109,399001,0,jjjl0000074,
0,163110,000905,1,jjjl0000074,
0,163111,399005,0,jjjl0000074,
0,163113,399707,0,jjjl0000074,
0,163114,000827,1,jjjl0000074,
0,163115,399967,0,jjjl0000074,
0,163116,399811,0,jjjl0000074,
0,163118,000808,62,jjjl0000074,
0,163208,,0,jjjl0000078,
0,163209,399006,0,jjjl0000078,
0,163302,000300,1,jjjl0000067,
0,163402,000300,1,jjjl0000077,
0,163406,000300,1,jjjl0000077,
0,163407,000300,1,jjjl0000077,
0,163409,,0,jjjl0000077,
0,163412,000300,1,jjjl0000077,
0,163415,000300,1,jjjl0000077,
0,163417,000300,1,jjjl0000077,
0,163418,000300,1,jjjl0000077,
0,163503,,0,jjjl0000073,
0,163801,000300,1,jjjl0000072,
0,163819,,0,jjjl0000072,
0,163821,000984,62,jjjl0000072,
0,163907,H11001,62,jjjl0000083,
0,164105,,0,jjjl0000088,
0,164206,,0,jjjl0000085,
0,164208,,0,jjjl0000085,
0,164210,,0,jjjl0000085,
0,164212,KEV,0,jjjl0000085,
0,164403,399814,0,9900025283,
0,164508,000903,1,jjjl0000084,
0,164509,,0,jjjl0000084,
0,164606,,0,jjjl0000082,
0,164701,,0,jjjl0000089,
0,164703,,0,jjjl0000089,
0,164705,HSI,27,jjjl0000089,
0,164808,,0,jjjl0000090,
0,164810,,0,jjjl0000090,
0,164814,931259,62,jjjl0000090,
0,164818,399971,0,jjjl0000090,
0,164824,,0,jjjl0000090,
0,164902,,0,jjjl0000096,
0,164905,399412,0,jjjl0000096,
0,164906,H11136,62,jjjl0000096,
0,164908,399806,0,jjjl0000096,
0,165309,000300,1,jjjl0000097,
0,165310,000300,1,jjjl0000097,
0,165311,,0,jjjl0000097,
0,165312,399550,0,jjjl0000097,
0,165313,000300,1,jjjl0000097,
0,165508,000010,1,jjjl0000099,
0,165509,,0,jjjl0000099,
0,165511,000905,1,jjjl0000099,
0,165512,000300,1,jjjl0000099,
0,165513,930940,62,jjjl0000099,
0,165515,000300,1,jjjl0000099,
0,165516,000300,1,jjjl0000099,
0,165517,,0,jjjl0000099,
0,165519,000841,62,jjjl0000099,
0,165520,000823,1,jjjl0000099,
0,165521,000974,1,jjjl0000099,
0,165522,000998,62,jjjl0000099,
0,165523,399994,0,jjjl0000099,
0,165524,399996,0,jjjl0000099,
0,165525,399995,0,jjjl0000099,
0,165526,,0,jjjl0000099,
0,165528,000300,1,jjjl0000099,
0,165531,000300,1,jjjl0000099,
0,166001,,0,jjjl0000101,
0,166006,000300,1,jjjl0000101,
0,166008,,0,jjjl0000101,
0,166009,000300,1,jjjl0000101,
0,166011,000300,1,jjjl0000101,
0,166016,,0,jjjl0000101,
0,166023,000300,1,jjjl0000101,
0,166024,000300,1,jjjl0000101,
0,166025,000300,1,jjjl0000101,
0,166027,399006,0,jjjl0000101,
0,166105,,0,9900000041,
0,166107,000905,1,9900000041,
0,166109,000300,1,9900000041,
0,166401,,0,9900004383,
0,166802,000300,1,9900015857,
0,167001,000300,1,9900017727,
0,167002,000300,1,9900017727,
0,167003,,0,9900017727,
0,167301,399809,0,9900021829,
0,167302,HZ5326,27,9900021829,
0,167501,,0,9900022315,
0,167505,,0,9900022315,
0,167506,931136,62,9900022315,
0,167508,000300,1,9900022315,
0,167702,000300,1,9900022507,
0,168101,,0,9900029088,
0,168102,000300,1,9900029088,
0,168103,000300,1,9900029088,
0,168104,000300,1,9900029088,
0,168105,000300,1,9900029088,
0,168203,399440,0,9900026588,
0,168204,399998,0,9900026588,
0,168301,000300,1,9900025646,
0,168401,000300,1,9900031036,
0,168701,399699,0,9900035744,
0,169101,000300,1,9900022559,
0,169104,000300,1,9900022559,
0,169105,000300,1,9900022559,
0,169106,,0,9900022559,
0,169201,000300,1,GD081202,
1,501001,000300,1,9900021508,
1,501005,930719,62,jjjl0000089,
1,501006,,0,jjjl0000089,
1,501007,930720,62,jjjl0000089,
1,501008,930720,62,jjjl0000089,
1,501009,930743,62,jjjl0000089,
1,501010,930743,62,jjjl0000089,
1,501011,930641,62,jjjl0000089,
1,501012,930641,62,jjjl0000089,
1,501015,000300,1,9900021508,
1,501016,399707,0,jjjl0000034,
1,501017,000300,1,jjjl0000034,
1,501018,,0,jjjl0000033,
1,501019,399368,0,jjjl0000034,
1,501021,SPHCMSHP,12,jjjl0000062,
1,501022,000300,1,jjjl0000042,
1,501023,,0,jjjl0000036,
1,501025,930792,62,jjjl0000036,
1,501026,000300,1,9900021508,
1,501028,000300,1,9900021508,
1,501029,CSPSADRP,0,jjjl0000062,
1,501030,399806,0,jjjl0000089,
1,501031,399806,0,jjjl0000089,
1,501032,000300,1,9900021508,
1,501036,000905,1,jjjl0000089,
1,501037,000905,1,jjjl0000089,
1,501038,000300,1,jjjl0000042,
1,501043,000300,1,jjjl0000089,
1,501045,000300,1,jjjl0000089,
1,501046,000300,1,9900021508,
1,501047,399975,0,jjjl0000089,
1,501048,399975,0,jjjl0000089,
1,501050,950090,62,jjjl0000031,
1,501051,000300,1,9900027958,
1,501053,,0,9900022559,
1,501057,930997,62,jjjl0000089,
1,501058,930997,62,jjjl0000089,
1,501059,000824,62,9900016888,
1,501060,931069,62,9900028118,
1,501061,931069,62,9900028118,
1,501062,000300,1,jjjl0000033,
1,501064,000300,1,jjjl0000034,
1,501065,000300,1,jjjl0000089,
1,501070,000906,1,jjjl0000065,
1,501071,000906,1,9900030377,
1,501073,,0,jjjl0000032,
1,501075,000171,62,jjjl0000050,
1,501076,000171,62,jjjl0000036,
1,501077,000998,62,jjjl0000040,
1,501078,000171,62,jjjl0000065,
1,501079,000171,62,jjjl0000039,
1,501080,000171,62,9900028118,
1,501081,000171,62,jjjl0000101,
1,501082,000171,62,jjjl0000035,
1,501083,000171,62,jjjl0000042,
1,501085,000171,62,9900021508,
1,501087,000300,1,jjjl0000096,
1,501088,000300,1,jjjl0000037,
1,501089,H30094,62,9900021829,
1,501090,931068,62,jjjl0000062,
1,501091,000300,1,jjjl0000037,
1,501092,000300,1,jjjl0000096,
1,501093,000906,1,jjjl0000031,
1,501095,000171,62,qsgn0000638,
1,501096,000171,62,jjjl0000051,
1,501097,000905,1,9900027614,
1,501098,000171,62,jjjl0000097,
1,501099,000171,62,9900017727,
1,501100,,0,jjjl0000035,
1,501186,000300,1,jjjl0000031,
1,501188,000300,1,jjjl0000089,
1,501189,000300,1,jjjl0000037,
1,501200,000171,62,9900005499,
1,501201,000171,62,9900031036,
1,501202,000300,1,GD121416,
1,501203,000906,1,jjjl0000041,
1,501205,000906,1,jjjl0000036,
1,501206,000906,1,jjjl0000089,
1,501207,000906,1,jjjl0000031,
1,501208,000906,1,jjjl0000101,
1,501209,930653,62,jjjl0000042,
1,501210,930950,62,jjjl0000096,
1,501211,,0,9900005499,
1,501212,,0,jjjl0000065,
1,501213,930950,62,jjjl0000101,
1,501215,930950,62,jjjl0000077,
1,501216,000906,1,jjjl0000040,
1,501217,000300,1,jjjl0000031,
1,501218,000906,1,jjjl0000090,
1,501219,000905,1,jjjl0000031,
1,501220,000300,1,jjjl0000034,
1,501221,000300,1,9900005499,
1,501222,000300,1,jjjl0000041,
1,501223,000906,1,jjjl0000089,
1,501225,SOX,12,jjjl0000063,
1,501227,000922,62,9900030377,
1,501300,,0,jjjl0000047,
1,501301,HZ5021,27,jjjl0000062,
1,501302,HSI,27,jjjl0000033,
1,501303,HZ5027,27,jjjl0000065,
1,501305,930914,62,jjjl0000089,
1,501306,930914,62,jjjl0000089,
1,501307,930917,62,jjjl0000049,
1,501310,SPACEVCP,12,jjjl0000062,
1,501311,HZ5330,27,jjjl0000037,
1,501312,NDX,12,jjjl0000062,
1,502000,000905,1,9900016888,
1,502003,399967,0,jjjl0000041,
1,502006,399974,0,jjjl0000041,
1,502010,399975,0,jjjl0000041,
1,502013,930620,62,jjjl0000038,
1,502023,399440,0,jjjl0000036,
1,502048,000016,1,jjjl0000041,
1,502053,399975,0,jjjl0000038,
1,502056,399989,0,jjjl0000065,
1,506000,000688,1,jjjl0000033,
1,506001,000171,62,jjjl0000050,
1,506002,000688,1,jjjl0000041,
1,506003,000171,62,jjjl0000040,
1,506005,000171,62,jjjl0000035,
1,506006,000688,1,jjjl0000089,
1,506008,000171,62,jjjl0000045,